[FilterSetup]
AOA_MIN=88.000000
AOA_MAX=96.000000
FRQ_MIN=2799.000000
FRQ_MAX=2820.000000
