[FilterSetup]
AOA_MIN=88.000000
AOA_MAX=96.000000
FRQ_MIN=2799.000000
FRQ_MAX=2820.000000
[COL_LIST]
FRQ_LOW=8000.000000
FRQ_HIGH=8010.000000
COL_TIME=1002.000000
COL_NUM=100
MODE=0
CENTER_FREQ=8000.000000
THRESHOLD=-27.000000
[COL_LIST_RSA]
AOA_LOW=0
AOA_HGH=0
FREQ_LOW=0
FREQ_HGH=0
PA_LOW=0
PA_HGH=0
PW_LOW=0
PW_HGH=0
